 , "appliances", "blogging", "bookmarking", "business tools", "calendars \\& scheduling", "cloud storage", "communication", "connected car", "contacts", "developer tools", "diy electronics", "education", "email", "environment control \\& monitoring", "finance \\& payments", "health \\& fitness", "journaling \\& personal data", "lighting", "location", "mobile devices \\& accessories", "music", "news \\& information", "notes", "notifications", "photo \\& video", "power monitoring \\& management", "routers \\& computer accessories", "security \\& monitoring systems", "shopping", "smart hubs \\& systems", "social networks", "survey tools", "tags \\& beacons", "task management \\& to-dos", "time management \\& tracking", "voice assistants"
 
"appliances", 0, 0, 0, 0, 20, 20, 33, 0, 0, 0, 0, 0, 22, 0, 0, 0, 0, 0, 0, 0, 0, 0, 0, 1, 0, 0, 0, 0, 0, 0, 8, 0, 0, 0, 0, 0
"blogging", 0, 0, 2, 0, 2, 12, 9, 0, 0, 0, 0, 0, 7, 0, 0, 0, 25, 0, 0, 25, 0, 14, 8, 13, 6, 0, 0, 0, 0, 0, 1, 0, 0, 1, 0, 0
"bookmarking", 0, 57, 47, 75, 82, 64, 86, 0, 0, 77, 0, 0, 81, 0, 0, 66, 50, 50, 0, 29, 50, 74, 82, 55, 0, 0, 100, 0, 0, 0, 40, 0, 0, 20, 0, 0
"business tools", 0, 100, 100, 72, 100, 98, 80, 0, 100, 42, 0, 0, 100, 0, 0, 66, 100, 0, 0, 50, 0, 100, 100, 43, 100, 0, 0, 0, 0, 0, 100, 0, 0, 54, 0, 0
"calendars \\& scheduling", 0, 51, 2, 25, 68, 63, 32, 0, 0, 30, 0, 0, 18, 0, 0, 17, 27, 0, 0, 0, 9, 2, 56, 4, 36, 0, 4, 0, 0, 0, 7, 0, 0, 8, 0, 0
"cloud storage", 0, 100, 100, 97, 100, 98, 82, 0, 100, 100, 0, 0, 100, 0, 0, 50, 100, 40, 0, 90, 100, 0, 100, 41, 100, 0, 91, 0, 0, 0, 100, 0, 0, 39, 0, 0
"communication", 0, 0, 0, 0, 0, 84, 25, 0, 0, 0, 0, 0, 100, 0, 0, 0, 0, 0, 0, 33, 0, 0, 100, 86, 0, 0, 0, 0, 0, 0, 50, 0, 0, 100, 0, 0
"connected car", 0, 100, 0, 0, 40, 90, 75, 0, 0, 40, 0, 0, 75, 0, 0, 50, 40, 2, 0, 5, 0, 0, 73, 29, 100, 0, 0, 0, 0, 0, 89, 0, 0, 0, 0, 0
"contacts", 0, 0, 0, 20, 100, 97, 100, 0, 88, 66, 0, 0, 100, 0, 0, 0, 100, 0, 0, 0, 0, 0, 100, 42, 100, 0, 0, 0, 0, 0, 100, 0, 0, 71, 0, 0
"developer tools", 0, 84, 100, 100, 93, 94, 89, 0, 0, 79, 0, 0, 95, 0, 0, 83, 100, 0, 0, 18, 0, 100, 100, 55, 0, 0, 0, 0, 0, 0, 99, 0, 0, 35, 0, 0
"diy electronics", 0, 0, 0, 0, 100, 65, 77, 0, 0, 100, 0, 0, 100, 0, 0, 50, 0, 0, 0, 9, 40, 0, 100, 33, 0, 0, 0, 0, 0, 0, 64, 0, 0, 50, 0, 0
"education", 0, 0, 0, 0, 0, 0, 0, 0, 0, 0, 0, 0, 0, 0, 0, 0, 0, 0, 0, 0, 0, 0, 0, 0, 0, 0, 0, 0, 0, 0, 0, 0, 0, 0, 0, 0
"email", 0, 72, 72, 28, 87, 75, 80, 0, 100, 75, 0, 0, 82, 0, 0, 43, 50, 0, 0, 3, 30, 55, 92, 20, 59, 0, 20, 0, 0, 0, 70, 0, 0, 31, 0, 0
"environment control \\& monitoring", 0, 0, 0, 0, 0, 0, 0, 0, 0, 0, 0, 0, 0, 0, 0, 0, 0, 0, 0, 0, 0, 0, 0, 0, 0, 0, 0, 0, 0, 0, 0, 0, 0, 0, 0, 0
"finance \\& payments", 0, 0, 0, 0, 60, 67, 69, 0, 0, 0, 0, 0, 68, 0, 0, 33, 0, 0, 0, 0, 0, 100, 33, 34, 0, 0, 0, 0, 0, 0, 61, 0, 0, 66, 0, 0
"health \\& fitness", 0, 100, 100, 33, 88, 97, 86, 0, 0, 72, 0, 0, 89, 0, 0, 38, 64, 0, 0, 20, 0, 100, 98, 46, 100, 0, 33, 0, 0, 0, 90, 0, 0, 10, 0, 0
"journaling \\& personal data", 0, 100, 0, 100, 0, 100, 0, 0, 0, 0, 0, 0, 100, 0, 0, 28, 0, 0, 0, 66, 0, 0, 100, 100, 100, 0, 0, 0, 0, 0, 100, 0, 0, 100, 0, 0
"lighting", 0, 0, 0, 0, 0, 0, 0, 0, 0, 0, 0, 0, 0, 0, 0, 0, 0, 0, 0, 0, 0, 0, 0, 0, 0, 0, 0, 0, 0, 0, 0, 0, 0, 0, 0, 0
"location", 0, 100, 100, 50, 100, 97, 96, 0, 0, 82, 0, 0, 100, 0, 0, 64, 66, 0, 0, 1, 40, 0, 100, 54, 100, 0, 0, 0, 0, 0, 99, 0, 0, 11, 0, 0
"mobile devices \\& accessories", 0, 84, 100, 71, 81, 35, 45, 0, 0, 3, 0, 0, 62, 0, 0, 60, 50, 2, 0, 0, 0, 0, 96, 6, 100, 0, 14, 0, 0, 0, 48, 0, 0, 21, 0, 0
"music", 0, 0, 0, 0, 0, 0, 0, 0, 0, 0, 0, 0, 0, 0, 0, 0, 0, 0, 0, 0, 0, 0, 0, 0, 0, 0, 0, 0, 0, 0, 0, 0, 0, 0, 0, 0
"news \\& information", 0, 1, 3, 3, 2, 3, 4, 0, 0, 0, 0, 0, 1, 0, 0, 13, 3, 0, 0, 0, 0, 1, 6, 1, 0, 0, 5, 0, 0, 0, 1, 0, 0, 1, 0, 0
"notes", 0, 100, 100, 85, 100, 91, 92, 0, 100, 100, 0, 0, 100, 0, 0, 62, 100, 0, 0, 0, 45, 83, 100, 52, 100, 0, 100, 0, 0, 0, 94, 0, 0, 52, 0, 0
"notifications", 0, 100, 100, 62, 100, 94, 97, 0, 100, 60, 0, 0, 100, 0, 0, 64, 14, 0, 0, 4, 70, 33, 100, 11, 100, 0, 25, 0, 0, 0, 99, 0, 0, 25, 0, 0
"photo \\& video", 0, 0, 0, 0, 6, 2, 7, 0, 0, 0, 0, 0, 5, 0, 0, 8, 2, 4, 0, 0, 0, 0, 1, 3, 2, 0, 40, 0, 0, 0, 1, 0, 0, 0, 0, 0
"power monitoring \\& management", 0, 0, 0, 0, 0, 0, 0, 0, 0, 0, 0, 0, 0, 0, 0, 0, 0, 0, 0, 0, 0, 0, 0, 0, 0, 0, 0, 0, 0, 0, 0, 0, 0, 0, 0, 0
"routers \\& computer accessories", 0, 0, 0, 0, 0, 0, 0, 0, 0, 0, 0, 0, 0, 0, 0, 0, 0, 0, 0, 0, 0, 0, 0, 0, 0, 0, 0, 0, 0, 0, 0, 0, 0, 0, 0, 0
"security \\& monitoring systems", 0, 0, 0, 0, 0, 0, 0, 0, 0, 0, 0, 0, 0, 0, 0, 0, 0, 0, 0, 0, 0, 0, 0, 0, 0, 0, 0, 0, 0, 0, 0, 0, 0, 0, 0, 0
"shopping", 0, 97, 66, 40, 87, 92, 80, 0, 0, 20, 0, 0, 96, 0, 0, 28, 0, 0, 0, 25, 0, 100, 95, 24, 100, 0, 0, 0, 0, 0, 86, 0, 0, 31, 0, 0
"smart hubs \\& systems", 0, 0, 0, 0, 60, 9, 50, 0, 0, 0, 0, 0, 37, 0, 0, 60, 0, 0, 0, 12, 0, 0, 50, 4, 0, 0, 0, 0, 0, 0, 56, 0, 0, 60, 0, 0
"social networks", 0, 89, 83, 96, 32, 85, 71, 0, 75, 92, 0, 0, 67, 0, 0, 32, 64, 8, 0, 24, 26, 85, 78, 34, 91, 0, 14, 0, 0, 0, 96, 0, 0, 25, 0, 0
"survey tools", 0, 0, 0, 0, 100, 100, 100, 0, 0, 0, 0, 0, 100, 0, 0, 0, 0, 0, 0, 0, 0, 0, 0, 100, 0, 0, 0, 0, 0, 0, 0, 0, 0, 0, 0, 0
"tags \\& beacons", 0, 0, 0, 0, 0, 0, 0, 0, 0, 0, 0, 0, 0, 0, 0, 0, 0, 0, 0, 0, 0, 0, 0, 8, 0, 0, 0, 0, 0, 0, 0, 0, 0, 0, 0, 0
"task management \\& to-dos", 0, 100, 100, 71, 100, 90, 90, 0, 0, 88, 0, 0, 100, 0, 0, 25, 100, 0, 0, 13, 25, 100, 100, 58, 100, 0, 0, 0, 0, 0, 100, 0, 0, 42, 0, 0
"time management \\& tracking", 0, 0, 0, 0, 42, 47, 76, 0, 0, 0, 0, 0, 77, 0, 0, 0, 100, 0, 0, 0, 0, 0, 77, 0, 0, 0, 0, 0, 0, 0, 0, 0, 0, 40, 0, 0
"voice assistants", 0, 0, 0, 0, 80, 29, 20, 0, 0, 32, 0, 0, 72, 0, 0, 0, 0, 0, 0, 0, 0, 0, 88, 4, 0, 0, 54, 0, 0, 0, 47, 0, 0, 33, 0, 0
